0 -32.98 -48.78 -7.56 -5.81 -41.78 -43.87 -40.51 -41.73 -48.57 -47.53 -49.2 -47.51 -48.11 -49.53 -13.62 -42.62 -7.5 -45.39 -21.22 -49.45 -47.47 -16.92 -47.3 -47.92
1 -35.84 -49.15 -9.29 -5.84 -41.79 -44.83 -40.92 -43.46 -50.56 -48.04 -50.46 -47.34 -49.97 -49.48 -11.22 -41.29 -7.48 -45.14 -24.95 -48.93 -49.07 -17.54 -47.56 -48.34
2 -32.94 -47.11 -7.83 -7.31 -42.86 -43.04 -36.25 -45.98 -49.32 -48.22 -49.66 -49.48 -49.03 -47.86 -13.01 -38.64 -6.25 -44.03 -28.46 -47.45 -49.49 -19.81 -47.63 -48.73
3 -27.61 -47.85 -9.73 -7.84 -41.54 -41.1 -37.36 -44.04 -47 -48.21 -49.33 -49.06 -49.27 -47.45 -17.76 -37.89 -6.24 -45.55 -24.99 -48.5 -48.07 -19.32 -46.85 -48.5
4 -27.53 -48.35 -9.96 -8.44 -41.89 -40.89 -41.38 -45.67 -47.45 -47.35 -48.96 -49.24 -49.01 -49.57 -23.38 -36.21 -6.41 -44.93 -20.5 -49.77 -48.11 -20.88 -48.64 -47.82
5 -30.26 -49.03 -10.25 -9.88 -44.6 -41.65 -38.62 -48.28 -48.92 -48.87 -48.79 -50.83 -48.54 -49.43 -19.87 -38.91 -6.17 -44.08 -18.79 -49.18 -47.07 -19.25 -48.16 -49.12
6 -29.89 -48.5 -9.15 -9.28 -44.2 -42.9 -36.94 -45.99 -47.88 -50.67 -49.23 -49.49 -48.19 -50.31 -13.75 -42.08 -4.91 -43.92 -20.72 -47.59 -47.44 -16.13 -47.6 -49.68
7 -29.9 -47.54 -5.1 -10.03 -42.41 -42.07 -40.26 -44.74 -47.62 -47.64 -49.05 -47.19 -48.73 -48.79 -11.12 -43.19 -5.27 -42.95 -22.05 -48.56 -46.95 -16.85 -47.81 -49.45
8 -28.95 -47.95 -5.99 -11.21 -43.12 -42.36 -37.93 -46.54 -47.35 -46.23 -48.56 -46.94 -48.1 -49.29 -13.69 -38.35 -4.41 -44.31 -20.56 -48.94 -45.89 -17.64 -46.82 -49.02
9 -32.67 -47.32 -3.43 -10.06 -45.4 -45.68 -35.3 -48.35 -48.2 -47.55 -48.08 -48.93 -47.59 -49.78 -14.99 -36.49 -3.51 -43.38 -22.4 -48.99 -46.88 -19.54 -46.35 -48.97
10 -38.76 -47.31 -1.99 -10.25 -45.11 -46.38 -35.19 -46.97 -47.42 -48.19 -47.08 -49.16 -46 -48.5 -15.45 -36.5 -4.15 -41.75 -24.23 -48.46 -47.52 -19.17 -47.84 -48.4
11 -41.25 -47.12 -2.49 -13.32 -45.28 -47.22 -37.74 -46.76 -47.33 -47.95 -47.69 -47.55 -46.52 -47.12 -18.13 -37.8 -4.01 -41.44 -27.83 -48.01 -45.85 -16.42 -47.17 -48.24
12 -34.59 -46.67 -2.81 -15.43 -46.24 -43.19 -36.1 -48.29 -47.8 -48.23 -48 -47.39 -47.31 -48.34 -24.42 -37.49 -4.05 -41.35 -26.46 -48.28 -43.23 -14.76 -46.24 -47.59
13 -33.66 -46.99 -4.06 -15.72 -44.73 -40.72 -33.69 -47.54 -48.84 -46.6 -47.87 -47.17 -49.31 -48.42 -28.75 -37.46 -4.57 -42.57 -25.12 -47.03 -43.18 -15.7 -45.77 -47.82
14 -38.18 -47.09 -4.11 -15.62 -44.48 -41.28 -37.24 -46.68 -47.8 -46.77 -48.18 -47.07 -47.95 -46.29 -25.03 -37.89 -6.22 -42.45 -26.28 -47.53 -46.08 -17 -45.33 -47.72
15 -39.81 -46.89 -2.07 -15.52 -45.11 -42.44 -36.31 -48.9 -47.15 -47.35 -47.53 -47.79 -47.56 -46.44 -21.04 -41.43 -6.54 -42.24 -27.87 -47.71 -45.38 -17.96 -45.17 -49.78
16 -37.9 -45.43 -2.82 -12.82 -45.87 -43.17 -32.11 -49.07 -47.28 -49.05 -46.63 -46.96 -48.98 -47.05 -16.27 -43.79 -7.4 -41.68 -28.65 -47.92 -46.03 -16.75 -46.12 -48.6
17 -35.37 -44.44 -0.33 -14.33 -45.99 -41.89 -33.87 -48.18 -48.67 -46.73 -46.37 -45.75 -47.21 -46.12 -15.41 -41.41 -9.04 -41.33 -30.53 -46.81 -45.92 -15.68 -46.06 -48.16
18 -35.44 -45.36 1.48 -15.91 -45.74 -41.43 -35.59 -47.16 -47.26 -46.65 -47.39 -45.8 -47.24 -46.93 -18.68 -37.05 -12.1 -42.43 -30.14 -45.5 -46.1 -14.57 -46.38 -49.4
19 -33.84 -46.62 2.67 -15.87 -45.84 -43.02 -32.7 -47.23 -46.88 -47.81 -48.87 -47.4 -48.23 -46.33 -20.54 -34.31 -12.22 -42.23 -30.37 -47.27 -46.31 -16.05 -45.54 -48.77
20 -38.14 -47.05 3.01 -17.62 -47.01 -45.29 -31.73 -46.94 -47.13 -47.33 -46.59 -48.25 -47.13 -46.86 -21.38 -32.71 -9.56 -41.68 -33.07 -49.03 -47.22 -17.12 -46.11 -47.11
21 -39.59 -46.72 2.84 -18.87 -46.96 -43.96 -36.17 -46.86 -46.1 -46.55 -47.2 -46.86 -47.19 -46.8 -26.15 -30.98 -7.41 -41.42 -33.02 -47.34 -45.1 -17.73 -47.24 -46.94
22 -40.84 -47.55 2.52 -20.63 -46.42 -42.62 -39.1 -48.31 -46.54 -47.4 -47.08 -47.42 -47.92 -47.14 -30.87 -30.93 -5.96 -40.39 -36.79 -47.11 -41.72 -18.92 -46.76 -49.35
23 -44.08 -47.02 2.14 -20.78 -46.91 -40.92 -34.65 -47.11 -48.22 -45.94 -46.82 -47.31 -47.03 -48.04 -30.6 -31.71 -4.99 -40.36 -38.98 -47.75 -43.01 -15.7 -45.75 -48.48
24 -44.76 -45.65 1.77 -20.75 -47.9 -37.34 -36.53 -48.15 -47.66 -45.58 -46.25 -46.53 -45.99 -47.64 -29.13 -32.35 -6.19 -39.39 -37.76 -48.09 -44.99 -14.07 -44.42 -46.62
25 -45.92 -45.76 1.85 -22.13 -47.55 -35.6 -37.72 -48.31 -47.65 -46.04 -46.85 -45.33 -46.49 -47.18 -27.39 -32.93 -6.98 -39.65 -38 -47.55 -43.62 -16.11 -46.09 -47.24
26 -45.53 -45.63 2.85 -23.61 -46.72 -35.69 -32.05 -46.53 -48.54 -46.15 -46.17 -45.67 -47.25 -48.16 -27.69 -32.27 -8.23 -38.82 -38.13 -47.51 -42.74 -17.27 -45.55 -48.21
27 -43.39 -47.44 5.05 -23.18 -46.14 -37.05 -31.46 -47.57 -46.35 -46.79 -46.78 -48.18 -47.78 -47.16 -29.33 -28.92 -7.59 -40.69 -36.93 -47.18 -44.35 -17.93 -44.46 -46.69
28 -43.62 -47.59 4.59 -23.48 -45.93 -40.72 -36.6 -47.87 -45.38 -45.74 -47.11 -46.98 -46.85 -46.05 -33.14 -26.93 -8.87 -38.78 -37.76 -46.6 -44.6 -17.67 -44.19 -47.03
29 -44 -45.51 3.62 -23.46 -46.41 -41.04 -34.09 -48.16 -45.27 -46.97 -46.65 -45.72 -46.89 -47.16 -34.07 -25.75 -9.84 -39.01 -41.17 -45.96 -44.77 -15.09 -45.47 -47.54
30 -45.25 -45.3 4.45 -23.46 -47.91 -40.53 -31.99 -46.24 -46.42 -47.11 -47.17 -45 -47.42 -45.9 -31.31 -26.17 -11.53 -38.01 -43.39 -44.52 -45.08 -14.54 -46.6 -47.69
31 -44.83 -45.16 3.63 -23.34 -47.17 -39.63 -35.02 -46.45 -46.6 -46.32 -47.17 -45.79 -46.09 -45.85 -33.13 -29.5 -12.33 -38.13 -41.71 -46.13 -45.91 -15.5 -45.47 -48.37
32 -45.72 -44.32 2.07 -24.87 -46.32 -41.02 -37.25 -46.44 -46.18 -46.51 -48.31 -47.66 -47.15 -47.53 -35.32 -32.92 -11.96 -39.06 -44.74 -47.17 -44.06 -14.77 -46.61 -48.15
33 -44.92 -45.11 2.6 -24.02 -46.15 -41.08 -32.08 -47.66 -46.2 -46.44 -47.31 -47.18 -46.06 -46.45 -33.24 -34.92 -9.01 -39.26 -44.13 -47.64 -43.66 -16 -46.08 -46.59
34 -44.24 -45.1 0.87 -23.76 -46.9 -39.75 -31.87 -45.74 -48.34 -44.91 -47.8 -46.22 -46.03 -46.39 -33.5 -34.05 -9.3 -39.06 -44.14 -45.96 -44.01 -15.35 -45.68 -46.72
35 -44.86 -45.71 1.44 -22.78 -46.16 -37.1 -35.62 -46.21 -47.3 -45.83 -46.63 -45.22 -46.4 -47.89 -33.47 -35.37 -8.65 -38.29 -44.84 -44.57 -44.98 -13.42 -44.13 -45.71
36 -44.93 -43.97 0.57 -22.1 -37.34 -36.74 -30.79 -47.74 -44.25 -45.18 -45.35 -46.21 -47.13 -46.72 -34.41 -34.92 -7.37 -39.48 -45.66 -46.75 -43.79 -14.15 -44.27 -46.16
37 -42.83 -43.41 0.83 -23.1 -31.72 -36.41 -28.55 -48.13 -44.72 -44.84 -44.89 -45.98 -44.95 -45.83 -33.56 -34.53 -7.14 -39.97 -42.47 -46.07 -42.98 -15.45 -44.96 -46.45
38 -44.21 -45.1 2.65 -24.09 -37.87 -36.94 -30.75 -47 -46.22 -44.84 -44.65 -44.7 -45.9 -46.41 -34.06 -32.63 -6.61 -40.39 -41.97 -46.27 -42.41 -16.41 -44.45 -46.65
39 -45.32 -45.17 2.17 -23.65 -43.53 -38.58 -37.92 -46.89 -47.14 -46.73 -45.81 -45.98 -47.93 -46.84 -32.09 -31.47 -6.19 -37.75 -41.27 -46.74 -41.88 -16.02 -45.37 -47.02
40 -43.97 -45.32 2.64 -22.73 -43.8 -39.79 -31.87 -46.76 -45.8 -46.45 -46.88 -47.28 -46.32 -47.05 -31.91 -29.4 -5.39 -38.37 -39.72 -46.08 -43.42 -13.8 -44.47 -47.54
41 -43.86 -45.49 2.19 -22.31 -45.09 -37.63 -33.59 -46.34 -44.9 -45.93 -44.75 -46.03 -46.29 -46.63 -32.93 -28.38 -7.01 -38.23 -38.96 -45.39 -43.45 -13.66 -43.97 -46.42
42 -45.87 -44.82 1.11 -23.03 -45.17 -36.86 -35.61 -46.2 -44.98 -45.59 -44.21 -44.89 -45.93 -46.39 -34.26 -30.17 -6.64 -37.11 -40.26 -44.47 -43.73 -16.34 -44.44 -45.83
43 -44.92 -45.39 1.16 -24.34 -45.9 -36.29 -31.83 -46.91 -45.99 -46.74 -44.95 -45.76 -45.48 -46.95 -34.83 -35.5 -3.84 -37.54 -43.17 -46.3 -43.71 -17.26 -44.36 -46.68
44 -44.8 -45.3 0.61 -23.05 -46.85 -34.97 -30.04 -47.34 -47.22 -47.09 -46.27 -46.13 -46.91 -45.61 -32.26 -34.72 -3.2 -38.96 -43.33 -45.88 -42.96 -17.14 -44.35 -47.63
45 -44.41 -47.04 2.41 -21.59 -47.15 -35.01 -33.44 -45.68 -46.09 -46.88 -46.65 -45.51 -45.84 -45.87 -31.49 -29.14 -2.29 -38.01 -42.4 -47.61 -43.34 -15.1 -44.16 -47.09
46 -44.17 -46.86 2.04 -22.76 -45.83 -36.78 -34.03 -46.08 -46.12 -45.99 -46.2 -46.61 -44.38 -46.37 -31.97 -27.19 -0.46 -39.67 -43.22 -46.55 -44.05 -12.93 -44.68 -46.97
47 -43.6 -44.86 1.36 -23.06 -44.65 -38.75 -28.77 -46.48 -45.57 -46.05 -45.39 -46.99 -45.05 -46.62 -31.39 -28.18 -0.98 -39.62 -43.31 -45.71 -44.84 -12.26 -45.08 -47.1
48 -42.93 -44.63 1.26 -22.15 -45.48 -36.79 -29.54 -45.86 -46.32 -45.94 -45.53 -45.35 -45.69 -46.23 -32.36 -32.37 -0.85 -38.51 -44.45 -45.74 -45.6 -14.61 -44.32 -47.58
49 -43.06 -45.67 -0.69 -22.82 -46.75 -35.49 -33.18 -47.57 -45.54 -45.86 -46.18 -44.97 -46.01 -46.02 -33.06 -34.84 0.13 -39.87 -43.4 -46.75 -44.3 -16.55 -45.38 -47.62
50 -43.34 -45.03 -4.79 -22.11 -46.5 -39.49 -31.9 -46.31 -45.97 -45.09 -45.62 -45.49 -46.01 -47.19 -34.14 -34.38 0.37 -40.35 -43.14 -44.76 -43.38 -16.78 -45.62 -45.67
51 -45.2 -46.23 -7.02 -21.16 -46.2 -39.44 -29.35 -46.29 -47.12 -46.51 -46.63 -47 -46.61 -46.19 -32.09 -32.97 0.1 -39.34 -41.7 -44.89 -43.66 -14.84 -44.97 -46.87
52 -27.83 -45.05 -8.62 -21.49 -45.28 -37.91 -32.96 -44.21 -47.05 -45.93 -47.15 -46.18 -46.79 -47.39 -33.54 -33.93 0.08 -38.6 -44.21 -45.38 -45.01 -11.64 -43.84 -47.53
53 -11.2 -44.36 -6.42 -21.08 -44.46 -38.1 -32.45 -44.25 -47.3 -45.07 -45.96 -45.73 -46.3 -48.12 -34.92 -32.31 -0.02 -40.27 -43.15 -47.89 -44.85 -12.55 -43.97 -46.73
54 -11.41 -44.61 -4.92 -21.14 -46.9 -38.6 -28.36 -47.58 -47.52 -46.16 -45.87 -45.78 -46.23 -47.25 -34.75 -31.16 -1 -38.52 -42.28 -46.37 -41.94 -14.16 -44.66 -46.9
55 -28.76 -44.89 -2.24 -22.58 -47.3 -38.17 -29.51 -47.23 -46.11 -46.42 -46.86 -46.96 -47.03 -45.97 -33.16 -30.08 1.35 -38.48 -41.97 -47.39 -40.48 -15.22 -45.77 -48.55
56 -46.69 -44.32 -1.32 -22.7 -46.9 -36.39 -35.78 -46.56 -46.16 -45.86 -47.3 -46.79 -46.54 -46.66 -32.71 -32.93 0.14 -40.66 -42.96 -46.59 -42.86 -14.93 -43.97 -47.32
57 -46.23 -44.81 -1.38 -22.08 -47.98 -35.55 -30.9 -46.97 -46.55 -44.67 -48.3 -46.36 -48.15 -46.79 -34.79 -32.19 0.21 -41.27 -42.76 -46.74 -44.39 -13.43 -44.63 -46.92
58 -45 -45.47 -2.77 -20.43 -46.89 -36.75 -29.57 -46.71 -47.15 -44.39 -47.34 -47.15 -46.08 -45.27 -34.27 -32.81 -0.53 -40.11 -44.31 -44.99 -44.75 -12.8 -44.14 -48.2
59 -44.1 -46.68 -4.64 -21.02 -46.63 -36.07 -33 -46.51 -46.65 -45.67 -45.67 -47.82 -46.24 -45.78 -33.37 -36.19 -1.8 -39.54 -44.86 -45.25 -44.67 -13.2 -45.63 -49.13
60 -36.81 -45.36 -4.82 -21.53 -46.38 -34.01 -33.84 -48.03 -47.19 -46.27 -47.78 -46.31 -47.32 -46.79 -35.71 -41.37 -3.97 -39.66 -43.63 -48.07 -41.88 -15.47 -45.89 -47.13
61 -28.42 -44.92 -4.57 -21.72 -46.62 -34.99 -30.55 -47.17 -47.78 -47.21 -45.94 -45.87 -47.42 -47.55 -34.33 -39.25 -4.88 -40.65 -42.64 -49.24 -43.45 -13.02 -46.92 -47.35
62 -33.13 -45.61 -1.94 -23.1 -46.41 -37.3 -32.07 -46.39 -46.42 -47.15 -45.83 -46.56 -46.28 -47.27 -32.85 -36.97 -3.84 -40.96 -43.32 -47.14 -44.92 -11.42 -45.81 -48.04
63 -45.14 -45.76 0.49 -22.76 -46.85 -37.52 -35.09 -46.29 -47.74 -45.87 -45.01 -46.37 -46.23 -46.85 -34.1 -34.32 -3.6 -41.6 -43.8 -47.1 -44.56 -11.83 -45.91 -47.98
64 -45.28 -46.65 0.16 -22.29 -46.96 -36.68 -29.72 -47.78 -47.71 -46.83 -45.75 -46.13 -46.53 -46.25 -35.46 -36.25 -3.85 -40.35 -44.07 -45.97 -43.19 -10.58 -45.7 -48.32
65 -44 -45.75 0.43 -22.66 -46.63 -37.33 -29.15 -47.38 -48.63 -46.07 -46.57 -45.54 -46.5 -45.99 -32.87 -39.2 -2.57 -40.54 -43.69 -45.66 -42.8 -12.76 -45.95 -47.36
66 -44.18 -46.32 1.27 -21.96 -46.22 -39.49 -33.51 -46.62 -47.44 -45.83 -47.57 -45.62 -46.59 -45.74 -33.91 -40.05 -2.75 -39.93 -44.77 -45.62 -44.15 -13.93 -46.36 -47.06
67 -44.67 -47.13 -0.14 -22.22 -46.01 -39.39 -33.75 -46.55 -48.18 -46.97 -46.98 -46.11 -45.13 -46.72 -35.25 -39.5 -1.83 -40.77 -44.03 -44.82 -44.69 -14.94 -45.33 -46.43
68 -43.85 -46.23 0.55 -21.79 -46.55 -37.05 -29.33 -45.95 -46.87 -46.44 -47.13 -47.18 -46.09 -46.89 -34.41 -38.28 -1.73 -40.74 -44.83 -43.97 -45.49 -12.06 -46.02 -46.55
69 -44.28 -45.81 -1.23 -20.78 -46.37 -36.85 -32.25 -45.99 -47.36 -46 -46.31 -47.52 -45.9 -47.57 -33.18 -35.48 -2.47 -39.88 -44.29 -43.89 -41.7 -10.45 -46.6 -46.47
70 -44.93 -45.29 -0.32 -21.23 -45.46 -38.35 -33.78 -45.43 -47.5 -46.52 -47.09 -47.06 -47.11 -46.39 -34.56 -34.39 -4.14 -40.73 -45 -44.54 -40.51 -10.69 -48.12 -47.17
71 -41.3 -44.8 -1.16 -22.01 -46.99 -37.21 -29.69 -45.66 -45.18 -47.19 -47.95 -46.49 -46.17 -46.39 -34.19 -32.86 -4.66 -40.05 -42.75 -45.52 -42.53 -12.78 -45.36 -46.93
72 -41.28 -45.95 -0.03 -24 -46.93 -40.62 -31.54 -46.7 -46.14 -47.32 -46.58 -46.89 -46.06 -46.12 -32.04 -32.94 -3.87 -40.32 -41.28 -44.98 -44.3 -13.61 -44.72 -48.34
73 -45.57 -46.56 1.8 -23.75 -46.63 -38.86 -37.3 -48.05 -46.34 -46.68 -47.88 -46.95 -47.41 -45.51 -33.15 -33.04 -7.28 -39.8 -42.94 -44.23 -45.39 -12.8 -45.43 -47
74 -44.45 -45.95 0.34 -22.35 -48.35 -37.15 -32.25 -47.87 -47.39 -46.82 -47.07 -45.88 -48.14 -46.61 -35.71 -31.03 -5.89 -42.01 -42.25 -46.14 -44.64 -12.01 -44.56 -47
75 -44.1 -42.99 0 -21.75 -46.44 -39.08 -30.02 -45.83 -48.06 -46.14 -46.35 -45.65 -48.01 -45.8 -33.84 -30.52 -8.7 -40.69 -41.68 -45.57 -43.86 -11.17 -44.92 -46.84
76 -42.83 -41.17 1.61 -21.84 -46.8 -43.1 -33.29 -44.62 -47.11 -46.18 -45.78 -46.12 -46.96 -46.3 -33.43 -33.57 -11.26 -39.92 -42.63 -46 -44.55 -11.11 -45.98 -48.62
77 -43.29 -44.76 -0.14 -22.24 -46.84 -42.78 -37.33 -45.7 -46.62 -47.04 -46.61 -46.04 -45.85 -46.19 -34.98 -34.32 -10.1 -41.13 -42.03 -45.82 -43.2 -14.86 -45.57 -47.74
78 -44.81 -44.17 0.17 -22.28 -45.65 -36.64 -33.72 -47.2 -45.42 -46.55 -45.82 -46.17 -46.63 -45.75 -34.44 -31.32 -11.85 -41.21 -44.35 -45.28 -43.21 -18.15 -45.74 -46.95
79 -46.22 -42 1.33 -23.33 -45.97 -36.33 -33.22 -47.55 -45.36 -46.38 -46.61 -47.23 -46.39 -47.26 -33.73 -28.22 -8.93 -40.9 -45 -45.27 -43.05 -13.28 -45.81 -46.6
80 -45.29 -43.52 3.14 -21.15 -47.41 -38.56 -37.12 -48.74 -45.85 -46.56 -46.65 -46.7 -45.74 -47.39 -33.11 -27.94 -6.71 -41.63 -42.91 -46.61 -43.47 -12.82 -45.93 -44.95
81 -46.06 -45.04 4.03 -21.79 -46.67 -40.24 -34.73 -48.66 -46.2 -48.1 -46.4 -46.69 -46.74 -46.98 -32.98 -27.49 -6.77 -41.98 -42.3 -44.99 -45.95 -11.04 -45.28 -46.6
82 -45.57 -44.42 3.91 -21.91 -46.94 -39.83 -30.87 -46.4 -47.32 -48.34 -46.7 -47.16 -47.33 -46.13 -34.07 -28.97 -3.44 -41.03 -43.51 -45.25 -46.63 -11.93 -45.25 -47.59
83 -46.21 -44.51 5.47 -23.72 -47.89 -39.64 -32.11 -47.78 -47.05 -46.46 -46.02 -47.12 -45.43 -45.21 -35.25 -28.58 -2.72 -42.11 -43.57 -44.64 -46.45 -12.71 -43.94 -46.63
84 -46.38 -44.89 4.3 -21.62 -46.47 -39.38 -38.52 -46.81 -47.37 -46.15 -46.44 -47.02 -47.53 -46.49 -35.22 -30.73 -2.69 -42.35 -43.18 -45.83 -45.05 -13.13 -44.31 -47.49
85 -46.29 -46.22 2.99 -21.02 -46.91 -42.22 -34.87 -46.76 -46.11 -46.86 -46.76 -47.42 -48.72 -47.87 -35.22 -35.83 -4.37 -41.57 -43.29 -44.5 -45.79 -12.41 -44.97 -46.61
86 -47.54 -44.6 1.8 -21.11 -46.52 -40.11 -34.54 -47.92 -46.76 -47.84 -47.21 -45.78 -46.71 -47.07 -32.99 -33.95 -5.85 -40.43 -42.98 -44.22 -45.78 -9.79 -44.93 -46.69
87 -45.92 -43.24 2.61 -22.06 -47.08 -36.47 -36.67 -47.41 -46.74 -47.68 -46.22 -46.65 -46.77 -46.09 -35.43 -31.23 -7.14 -40.92 -44.51 -46.32 -45.36 -9.51 -44.23 -46.93
88 -44.87 -45.01 3.09 -21.91 -46.32 -36.32 -35.25 -46.72 -46.18 -47.1 -45.61 -46.31 -46.51 -47.48 -34.77 -29.52 -8.73 -42.22 -44.01 -47 -43.55 -10.15 -45.21 -45.97
89 -38.01 -44.94 2.77 -21.72 -47.44 -39.07 -32.71 -48.27 -46.34 -45.96 -45.84 -45.66 -47.53 -48.07 -31.95 -28.36 -8.69 -42.59 -44.61 -47.4 -42.78 -11.04 -45.95 -45.75
90 -41.1 -43.88 1.8 -21.81 -46.65 -40.83 -33.13 -46.53 -46.34 -45.65 -46.78 -45.68 -46.04 -45.21 -31.65 -29.07 -7.35 -42.58 -43.76 -45.69 -44.26 -11.69 -46.73 -45.98
91 -45.86 -45.18 2.89 -22.45 -45.71 -37.37 -36.61 -46.47 -48.02 -45.29 -46.25 -46.12 -46.72 -45.69 -33.14 -32.97 -8.39 -41.81 -42.38 -45.61 -44.35 -11.95 -47.54 -47.03
92 -44.86 -45.06 4.76 -22.93 -46.52 -34.29 -32.26 -47.32 -47.61 -44.98 -45.78 -47.49 -45.98 -45.65 -36.57 -38.49 -7.9 -41.18 -42.53 -47.05 -44.21 -12.16 -46.27 -46.97
93 -45.24 -44.97 3.39 -21.82 -47.05 -35.33 -30.58 -47.17 -45.81 -47.4 -46.4 -46.05 -48.31 -46 -34.94 -39.36 -7.49 -42.08 -43.25 -47.14 -43.54 -11.2 -45.42 -46.47
94 -44.03 -43.85 3.2 -20.37 -46.83 -40.65 -32.11 -46.4 -44.72 -48.84 -45.58 -46.24 -47.84 -46.13 -35.28 -37.04 -8.05 -42.11 -42.6 -46.51 -42.46 -12.08 -46.01 -46.16
95 -42.85 -44.29 3.19 -20.74 -44.96 -39.96 -36.65 -46.28 -44.78 -48.01 -45.79 -45.54 -48.48 -46.87 -34.85 -34.06 -7.06 -40.91 -43.3 -46.75 -43.66 -13.77 -45.91 -46.93
96 -44.49 -45.65 -0.32 -22.78 -45.92 -36.41 -34.94 -45.79 -46.36 -47.9 -46.37 -45.78 -46.79 -46.54 -33.11 -31.51 -5.4 -42.25 -43.69 -46.96 -44.02 -12.44 -45.54 -46.32
97 -44.57 -45.09 -1.14 -21.25 -46.33 -38.01 -34.2 -45.96 -47.5 -46.45 -46.5 -45.95 -45.66 -46.23 -33.13 -30.32 -6.84 -43.7 -44.58 -46.83 -46.72 -10.29 -45.11 -46.92
98 -44.14 -44.84 -1.59 -20.7 -47 -41.27 -37.91 -46.1 -46.25 -45.22 -45.75 -46.89 -46.87 -45.55 -34.66 -38.7 -18.07 -45.48 -42.61 -47.01 -46.14 -10.7 -45.53 -46.36
99 -46.33 -44.36 -4.85 -20.97 -46.47 -43.9 -41.84 -46.6 -46.2 -46.66 -46.6 -45.24 -46.26 -45.56 -36.62 -43.89 -29.7 -45.6 -41.09 -47.87 -45.42 -12.03 -45.51 -46.97
100 -46.41 -44.68 -11.41 -21.4 -46.46 -45.27 -43.56 -46.37 -47.1 -46.3 -45.43 -46 -44.45 -46.27 -38.77 -43.67 -31.38 -45.79 -40.35 -46.86 -47.04 -14.48 -46 -46.79
101 -45.6 -45.13 -9.85 -20.54 -45.83 -44.78 -43.88 -45.85 -46.83 -46.65 -46.22 -45.4 -45.96 -46.72 -38.63 -44.78 -30.9 -46.23 -42.41 -46.78 -47.63 -15.18 -44.33 -45.44
102 -44.88 -43.1 -10.79 -19.32 -46.34 -43.76 -42.85 -47.2 -46.67 -46.51 -47.22 -45.04 -45.38 -45 -37.55 -45.22 -32.09 -47.04 -42.6 -47.01 -46.64 -15.27 -44.81 -46.59
103 -46.63 -44.44 -11.69 -20.25 -46.48 -44.67 -42.88 -46.66 -45.28 -46.95 -46.29 -45.43 -45.75 -45.78 -35.84 -46.08 -30.83 -45.66 -42.51 -46.14 -45.46 -17.02 -46.25 -46.37
104 -46.41 -45.59 -11.05 -21.01 -45.92 -43.67 -43.46 -45.84 -44.4 -44.76 -46.38 -44.98 -46.62 -45.93 -35.42 -44.02 -33 -48.02 -44.2 -46.49 -46.51 -12.82 -46.11 -45.56
105 -46.02 -45.45 -11.1 -22.02 -46.67 -44.77 -43.17 -48.12 -45.43 -45.58 -45.89 -46.06 -45.89 -46.17 -35.49 -44.67 -32.44 -48.29 -42 -44.87 -46.38 -12.42 -44.74 -46.56
106 -45.7 -44.61 -11.83 -21.23 -45.96 -44.56 -38.82 -46.91 -44.9 -45.46 -45.53 -46.41 -46.44 -45.97 -35.66 -44.06 -31.66 -47.11 -43.4 -45.87 -46.09 -12.58 -44.96 -45.6
107 -47.23 -44.09 -10.57 -20.74 -47.62 -43.45 -40.47 -46.59 -45.2 -45.89 -45.81 -45.69 -48.13 -46.27 -36.96 -45.18 -31.36 -46.22 -43.22 -46.12 -46.88 -13.1 -46.24 -46.49
108 -46.4 -43.95 -11.07 -21.41 -46.9 -42.93 -43.82 -45.73 -44.52 -45.38 -46.27 -45.71 -45.94 -45.23 -37.93 -45.18 -31.33 -45.65 -43.96 -47.53 -47.29 -11.7 -45.05 -45.51
109 -46.95 -44.69 -11.17 -19.93 -46.76 -44.34 -44.39 -45.91 -46.2 -45.42 -44.99 -45.71 -46.7 -45.33 -38.67 -43.72 -31.65 -46.61 -42.74 -45.95 -46.51 -10.35 -44.39 -46.47
110 -45.55 -43.68 -11.82 -19.8 -44.48 -46.07 -39.61 -46.02 -45.18 -46.18 -44.86 -45.89 -46.35 -46.33 -37.62 -44.94 -31.21 -45.6 -42.71 -45.9 -47.02 -10.29 -44.74 -44.6
111 -46.06 -45.33 -12.04 -20.28 -45.9 -44.41 -40.26 -46.51 -43.39 -46.03 -45.08 -45.75 -45.08 -45.37 -38.33 -45.2 -31.98 -44.82 -43.72 -44.98 -46.36 -13.4 -45.18 -44.75
112 -45.7 -45.27 -10.7 -19.34 -46.37 -44.57 -43.87 -46.11 -44.44 -44.53 -45.03 -45.24 -44.55 -45.64 -37 -45.56 -32.53 -45.53 -43.16 -46.59 -44.92 -13.84 -44.64 -45
113 -44.78 -44.17 -10.14 -20.19 -45.96 -44.66 -43.81 -45.69 -45.83 -44.8 -46.58 -45.19 -44.16 -45.17 -38.37 -44.59 -32.09 -46.27 -44.03 -45.09 -47.35 -13.55 -45.46 -44.77
114 -46.07 -44.12 -12.52 -19.94 -45.05 -45.92 -42.96 -45.09 -46.25 -46.15 -46 -45.64 -45.53 -44.64 -37.08 -44.33 -32.66 -46.06 -43.81 -44.76 -45.72 -12.58 -46.19 -46.33
115 -45.82 -45.72 -12.14 -18.71 -44.82 -45.53 -44.49 -45.72 -45.12 -46.76 -46.17 -44.84 -46.98 -43.69 -36.94 -44.03 -32.38 -45.31 -43.45 -43.99 -44.75 -12.24 -45 -45.66
116 -45.29 -44.87 -12.43 -19.03 -45.28 -44.68 -43.62 -45.17 -44.26 -45 -45.02 -45.11 -43.94 -45.58 -37.16 -44.91 -31.54 -44.5 -41.58 -44.37 -45.56 -11.15 -44.14 -44.66
117 -45.27 -43.12 -11.91 -18.22 -45.03 -43.92 -43.26 -45.17 -45.41 -44.22 -45.22 -46.92 -44.67 -44.98 -36.32 -43.85 -32.23 -45.43 -42.77 -45.49 -45.96 -11.82 -44.17 -45.66
118 -44.65 -42.92 -12.96 -19.25 -44.89 -45.7 -39.54 -44.99 -45.39 -44.99 -44.25 -46.58 -45.31 -44.43 -38.52 -43.89 -32.23 -45.95 -42.34 -43.23 -44.89 -13.13 -44.16 -44.02
119 -44.94 -45.3 -11.29 -17.21 -44.85 -44.47 -39.77 -43.74 -45.35 -44.48 -44.44 -45.39 -45.61 -45.09 -37.89 -43.32 -32.67 -45.61 -42.47 -44.48 -45.51 -13.06 -43.89 -44.31
120 -43.99 -44.19 -11.52 -18.7 -45.67 -41.7 -42.96 -45.83 -44.33 -44.69 -44.19 -45.21 -45.72 -46.51 -38.06 -43.43 -33.07 -45.27 -42.76 -45.15 -47.55 -13.69 -44.61 -44.29
121 -45.5 -44 -12.02 -19.66 -45.01 -42.44 -42.95 -45.95 -44.52 -44.77 -45.27 -44.83 -44.99 -44.94 -38.27 -43.35 -34.46 -46.29 -42.14 -44.88 -45.67 -16.75 -43.56 -44.39
122 -44.2 -43.88 -12.58 -19.5 -45.16 -42.94 -39.6 -44.65 -44.87 -44.86 -46.2 -44.12 -44.02 -44.66 -37.27 -43.12 -32.31 -46.26 -44.11 -45.18 -45.38 -16.02 -43.29 -45.11
123 -43.62 -44.13 -13.14 -19.12 -45.63 -43.13 -42.66 -45.17 -44.35 -44.51 -44.06 -45.15 -43.99 -45.13 -35.56 -42.43 -32.52 -44.38 -42.72 -43.28 -44.37 -11.03 -43.21 -43.17
124 -43.31 -43.44 -12.59 -19.24 -44.14 -42.23 -42.43 -43.9 -43.59 -43.47 -44.11 -43.53 -44.71 -44.18 -35.63 -41.82 -33.28 -44.71 -40.48 -43.18 -45.23 -12.25 -43.65 -41.78
125 -41.86 -42 -12.89 -18.17 -43.52 -41.81 -42.72 -43.11 -42.99 -42.07 -42.58 -43.48 -42.81 -43.57 -36.47 -41.38 -34.97 -42.6 -37.66 -41.55 -43.65 -12.65 -41.92 -41.33
126 -31.06 -32.48 -11.77 -18.57 -31.78 -32.34 -31.6 -32.13 -32.99 -32.28 -32.61 -32.32 -32.49 -31.89 -31.71 -32.02 -30.25 -31.71 -31.26 -32.06 -32.1 -12.52 -32.57 -32.29
127 -31.49 -32.62 -11.29 -21.34 -32.76 -32.13 -32.22 -32.35 -32 -31.88 -32.02 -33.18 -32.06 -31.49 -31.48 -32.13 -31.32 -31.78 -31.46 -32.15 -31.94 -11.79 -33.12 -31.6
128 -31.49 -32.62 -11.29 -21.34 -32.76 -32.13 -32.22 -32.35 -32 -31.88 -32.02 -33.18 -32.06 -31.49 -31.48 -32.13 -31.32 -31.78 -31.46 -32.15 -31.94 -11.79 -33.12 -31.6
129 -42.74 -42.07 -12.03 -20.29 -42.86 -40.75 -41.83 -41.62 -44.23 -43.27 -42.94 -42.1 -42.19 -42.05 -35.65 -41.55 -32.75 -44.46 -37.03 -41.9 -43.85 -10.35 -42.86 -42.64
130 -41.6 -43.8 -11.78 -18.36 -43.91 -42.4 -42.05 -42.94 -43.8 -43.9 -44.59 -43.67 -44.79 -44.11 -34.58 -42.8 -34.47 -43.75 -37.6 -42.61 -43.31 -11.17 -42.84 -41.74
131 -43.85 -44.98 -11.34 -17.1 -44.43 -42.99 -44.21 -43.52 -43.41 -44.24 -44.87 -44.24 -44.76 -44.07 -33.49 -43.39 -34.47 -43.49 -39.66 -43.13 -44.04 -10.01 -45.01 -43.41
132 -43.27 -44.37 -12.45 -18.71 -44.15 -41.98 -46.71 -45.38 -44.06 -44.43 -43.78 -43.4 -45.64 -44.36 -33 -41.83 -34.66 -43.57 -40.14 -43.8 -45.47 -11.87 -44.73 -44.64
133 -43.89 -43.17 -11.54 -19.25 -45 -41.34 -44.13 -45.03 -44.09 -46.92 -44.8 -43.25 -46.87 -44.51 -33.83 -41.82 -34.15 -43.47 -38.06 -44.04 -45.44 -12.15 -45.05 -43.6
134 -44.84 -44.88 -13.36 -18.59 -46.79 -42.12 -41.5 -45.32 -44.83 -45.38 -44.3 -44.66 -44.48 -46.36 -35.24 -43.54 -34.49 -42.95 -36.14 -43.96 -45.99 -10.3 -43.75 -44.36
135 -44.02 -44.78 -13.08 -18.45 -45.61 -43.48 -43.7 -46.18 -44.86 -45.05 -43.59 -44.89 -46.51 -46.46 -37.89 -43.11 -34.87 -46.19 -36.39 -43.6 -46.2 -9.26 -44.92 -46.95
136 -44.39 -44.89 -13.28 -18.97 -46.59 -43.07 -44.66 -46.52 -45.07 -45.09 -46.08 -45.03 -45.03 -45.8 -37.69 -41.88 -33.84 -45.3 -37.19 -42.82 -45.41 -11.12 -46.26 -45.36
137 -45.25 -44.58 -13.36 -19.47 -46.4 -43.48 -43.87 -45.74 -46.2 -44.85 -45.24 -44.32 -45.41 -45.08 -35.93 -42.89 -34.37 -44.42 -39.79 -43.14 -44.08 -12.17 -45.6 -45.62
138 -45.56 -44.33 -11.28 -19.53 -46.72 -43.09 -38.45 -46.27 -45.25 -46 -45.72 -45.3 -44.39 -44.66 -33.14 -44.22 -33.41 -44.82 -41.36 -43.48 -45.14 -12.56 -46.7 -45.65
139 -44.53 -45.86 -10.34 -20.22 -45.72 -42.15 -41.28 -45.52 -46.03 -45.22 -45.71 -45.66 -44.33 -45.91 -31.64 -42.57 -33.62 -45.43 -40.3 -44.43 -46.2 -14.19 -45.83 -45.1
140 -44.06 -44.77 -12.27 -20.11 -45.41 -41.48 -45.59 -45.53 -46.3 -45.38 -46.59 -45.33 -44.48 -46.15 -32.63 -43.03 -35.47 -46.45 -35.68 -44.45 -46.49 -11.79 -45.27 -44.84
141 -44.78 -45.76 -12.26 -19.93 -45.84 -42.05 -44.87 -46.51 -44.97 -46 -47.02 -44.84 -45.39 -46.16 -33.98 -45.03 -34.46 -47.29 -33.25 -44.1 -47.19 -9.52 -44.42 -44.06
142 -45.17 -44.77 -11.82 -18.17 -46.51 -43.76 -38.61 -46.5 -45.59 -45.99 -46.26 -44.99 -45.91 -45.59 -33.1 -44.16 -33.43 -44.06 -35.44 -44.87 -46.87 -11.64 -45.45 -45.66
143 -45.31 -44.43 -13.11 -18.88 -46.47 -43.44 -41.6 -45.71 -45.99 -46.19 -45.8 -45.62 -45.51 -45.28 -32.55 -43.78 -33.7 -43.99 -37.22 -42.92 -46.11 -10.35 -43.73 -45.75
144 -44.41 -45.87 -11.59 -19.45 -45.52 -43.67 -44.84 -46.06 -45.26 -46.36 -45.52 -46.4 -45.99 -46.52 -31.64 -43.73 -33.81 -45.75 -33.58 -43.73 -44.76 -10.08 -44.45 -46
145 -43.31 -43.95 -11.5 -19.02 -46.6 -43.17 -45.05 -44.89 -44.59 -45.51 -44.65 -45.52 -46.11 -47.01 -29.99 -45.92 -34.42 -44.95 -29.89 -45.24 -45 -11.36 -45.08 -45.36
146 -43.22 -43.25 -11.67 -18.74 -45.51 -43.79 -40.73 -44.4 -45.93 -47 -45.06 -45.71 -46.97 -45.02 -23.48 -45.5 -35.18 -45.6 -22.35 -45.32 -46.25 -10.48 -45.68 -45.35
147 -42.35 -45.61 -11.56 -18.51 -44.6 -44.42 -42.56 -44.31 -45.87 -46.29 -45.87 -45.78 -46.79 -44.85 -7.59 -43.31 -34.47 -32.92 -12.38 -46.15 -46.51 -11.11 -45.66 -45.36
148 -31.52 -47.5 -11.9 -14.31 -37.77 -43.88 -44.21 -39.88 -45.83 -45.75 -47.17 -46.76 -46.24 -44.57 -2.9 -43.62 -35.35 -31.91 -11.67 -45.48 -46.89 -13.38 -45.29 -46.29
149 -22.44 -44 -10.97 -6.42 -33 -43.97 -42.98 -38.19 -46.14 -44.93 -46.4 -45.98 -44.27 -45.21 -2.76 -45.4 -34.89 -44.23 -15.44 -44.6 -45.53 -11.22 -44.48 -46.71
150 -25.13 -44.33 -10.19 -5.41 -31.78 -43.04 -41.39 -35.03 -47.7 -45.12 -45.59 -45.89 -44.46 -45.9 -4.37 -46.07 -34.57 -43.4 -18.5 -43.3 -46.1 -13.32 -44.31 -45.61
151 -22.34 -44.62 -11.9 -2.98 -31.23 -41.89 -41.99 -33.56 -46.16 -46.21 -45.02 -45.7 -46.9 -47.14 -5.52 -44.91 -34.63 -44.38 -13.21 -43.85 -45.6 -13.64 -45.37 -45.81
152 -20.73 -44.65 -13.58 -1.33 -31.34 -39.93 -40.75 -35.38 -45.87 -47.17 -47.39 -46.47 -46.19 -44.58 -8.15 -44.58 -32.82 -43.73 -8.92 -45.43 -46.84 -11.49 -44.89 -45.73
153 -25.25 -44.9 -12.01 -1.11 -33.26 -40.03 -41.85 -34.88 -46.75 -46.5 -46.51 -45.8 -47.2 -45.25 -12.97 -46.83 -33.43 -46.69 -7.65 -45.86 -46.3 -10.76 -44.63 -46.48
154 -26.77 -44.96 -11.49 -0.72 -32.89 -39.61 -41.91 -32.44 -45.84 -46.59 -47.75 -45.87 -45.9 -45.03 -7.51 -45.75 -34.28 -47.46 -7.06 -45.58 -45.69 -12.19 -44.94 -45.67
155 -25.31 -44.45 -11.96 -0.73 -31.97 -41.14 -41.24 -33.55 -46.63 -47.27 -47.96 -45.76 -45.75 -47.16 -5.28 -44.02 -35.08 -47.28 -7.69 -47.88 -45.05 -12.86 -45.89 -46.89
156 -21.67 -44.66 -13.35 -2.37 -31.15 -43.58 -43.37 -35.02 -46.06 -45.95 -46.19 -46.39 -46.01 -47.56 -3.94 -44.24 -34.63 -47.45 -10.11 -45.77 -46.03 -12.25 -45.95 -47.03
157 -17.34 -45.56 -13.16 -3.73 -32.95 -42.69 -44.04 -31.74 -46.38 -47.31 -46.58 -46.33 -46.52 -46.27 -1.8 -44.34 -34.77 -47.95 -14.17 -46.18 -47.78 -11.67 -44.63 -44.83
158 -15.26 -44.73 -11.76 -5.29 -31.56 -40.81 -40.85 -31.48 -47.49 -48.52 -46.67 -46.08 -47.44 -45.59 -2.02 -45.11 -35.01 -47.88 -15.4 -45.3 -47.78 -10.96 -43.83 -46.44
159 -14.72 -44.72 -13 -5.78 -30.65 -39.69 -41.93 -34.84 -46.55 -45.53 -46.87 -47.73 -45.45 -45.88 -4.62 -45.18 -34.5 -44.08 -12.01 -46.85 -47.38 -12.87 -43.89 -47.56
160 -15.52 -46.21 -12.81 -3.47 -31.58 -39.4 -44.53 -37.03 -46.62 -46.35 -46.05 -48.44 -45.03 -47.17 -6.17 -44.57 -33.98 -43.4 -9.2 -46.49 -47.09 -13.64 -45.01 -45.93
161 -18.49 -46.29 -12.41 -2.27 -31.35 -43.99 -43.48 -33.82 -45.7 -47.26 -46.11 -46.77 -46.34 -47.22 -8.47 -43.77 -33.12 -46.36 -10.75 -46.12 -47.9 -14.04 -45.73 -45.62
162 -20.51 -45.41 -13.22 -2 -30.6 -43.94 -39.37 -34.5 -46.95 -46.33 -46.93 -46.98 -46.21 -44.8 -13.2 -44.92 -34.19 -46.88 -9.93 -45.59 -49.05 -13.67 -44.36 -46.08
163 -20.17 -45.7 -13.71 -2.63 -31.42 -44.24 -41.56 -36.97 -46.01 -46.34 -47.86 -46.09 -47.05 -45.97 -8.24 -45.62 -34.02 -47.09 -9.99 -47.71 -47.36 -12.28 -45.31 -46.47
164 -20.72 -46.46 -13.65 -2.73 -32.83 -45.12 -44.77 -35.31 -44.93 -45.83 -46.02 -45.35 -46.58 -45.25 -6.47 -44.9 -33.49 -47.22 -17.67 -46.46 -46.2 -12.57 -44.22 -47.8
165 -20.37 -45.75 -13.27 -0.3 -33.29 -45.27 -41.76 -34.03 -46.76 -45.52 -46.2 -45.76 -46.78 -45.71 -3.5 -45.13 -33.36 -48.51 -20.62 -45.62 -47.01 -13.92 -43.64 -48.17
166 -20.98 -45.12 -13.07 -0.33 -30.8 -43.5 -36.5 -35.45 -47.96 -47.06 -47.31 -45.13 -45.85 -45.28 -2.77 -44.68 -32.8 -47.83 -17.66 -46.67 -46.13 -14.18 -45.4 -46.34
167 -20.25 -46.16 -13.44 1.45 -32.83 -41.03 -38.53 -35.6 -47.44 -46.53 -48.37 -46.15 -47.21 -46.26 -4.15 -42.28 -33.8 -45.33 -15.48 -45.16 -47.21 -16.4 -43.89 -45.97
168 -18.33 -44.09 -15.37 2.25 -33.87 -39.34 -40.49 -33.54 -46.59 -45.63 -46.24 -45.48 -46.69 -46.59 -3.58 -42.8 -33 -43.35 -12.44 -45 -45.71 -13.17 -44.28 -47.17
169 -18.84 -43.94 -14.12 2.22 -32.08 -41.26 -40.37 -34.17 -46.4 -46.26 -46.38 -45.89 -47.13 -46.23 -7.07 -45.11 -33.56 -44.41 -13.12 -46.7 -45.87 -11.98 -45.47 -46.74
170 -21.23 -43.32 -14.03 3.04 -33.02 -43.8 -37.1 -36.89 -45.74 -46.77 -48.07 -47.15 -47.23 -45.77 -9.79 -45.34 -32.83 -46.05 -13.77 -46.42 -47.03 -12.51 -43.23 -46.3
171 -20.09 -45.13 -13.74 2.97 -34.07 -43.47 -40.34 -35.77 -46.62 -46.21 -45.38 -46.89 -46.08 -46.95 -12.99 -45.06 -33.35 -45.98 -14.91 -46.47 -47.49 -13.96 -44.64 -46.35
172 -20 -44.19 -13.03 1.76 -33.31 -41.98 -43.74 -33.78 -46.33 -46.12 -45.53 -46.59 -46.89 -46.27 -9.13 -44.98 -32.73 -46.13 -14.44 -47.14 -47.61 -13.08 -43.95 -46.86
173 -22.56 -43.63 -12.56 2.95 -34.91 -41.8 -43.52 -35.94 -46.77 -47.33 -46.28 -46.34 -48.09 -47.03 -4.39 -44.21 -32.75 -46.45 -11.17 -47.15 -46.49 -13.14 -43.24 -46.51
174 -24.5 -45.61 -12.3 1.64 -34 -39.78 -37 -37.04 -46.73 -47.5 -47.25 -46.01 -46.99 -45.77 -3.02 -45.61 -33.07 -45.95 -11.74 -46.15 -45.61 -14.69 -44.39 -46.53
175 -27.55 -46.56 -12.99 -0.97 -33.83 -38.29 -39.7 -33.78 -47.5 -46.68 -45.85 -46.99 -46.3 -45.7 -1.24 -45.58 -34.16 -46.1 -16.89 -47.13 -45.53 -11.31 -43.97 -45.55
176 -21.9 -45.12 -14.85 0.13 -31.48 -37.66 -42.25 -32.98 -46.26 -47.89 -45.23 -47.06 -47.75 -46.05 -0.45 -44.87 -34.47 -47.36 -21.84 -48.59 -46.65 -11.27 -43.49 -46.81
177 -18.5 -44.35 -13.8 1.11 -32.03 -40.14 -42.61 -35.25 -46.83 -46.08 -45.65 -47.81 -47.22 -45.48 -2.69 -44.76 -34.68 -46.25 -13.52 -47.74 -46.89 -13.08 -43.74 -46.3
178 -18.72 -44.47 -14.44 1.55 -33.75 -42.12 -38.87 -36.04 -46.83 -45.52 -46.79 -48.23 -45.64 -45.7 -6.58 -45.08 -34.77 -46.36 -9.22 -45.74 -46.27 -13.71 -44.52 -46.68
179 -18.65 -46.16 -14.46 1.92 -31.95 -43.83 -41.01 -32.91 -46.88 -45.94 -45.91 -46.61 -42.58 -45.79 -8.95 -45.33 -34.27 -46.84 -7.39 -46.02 -45.82 -13.48 -43.17 -46.36
180 -20.44 -45.34 -13.67 2.54 -31.16 -41.31 -42.05 -33.15 -46.52 -46.34 -46.46 -47.43 -44.68 -47.21 -12.39 -43.66 -34.36 -46.16 -10.14 -46.48 -45.56 -11.94 -42.8 -47.28
181 -23.17 -45.59 -12.91 1.33 -32.65 -39.21 -40.72 -34.54 -47.15 -47.22 -47.8 -47.71 -45.8 -46.97 -13.28 -43.97 -34.85 -45.7 -9.91 -46.55 -46.15 -11.61 -43.91 -47.3
182 -23.35 -46.02 -13.17 2.66 -32.04 -38.36 -38.67 -33.41 -46.67 -46.45 -45.97 -46.18 -46.14 -45.55 -7.31 -43.97 -34.79 -44.64 -7.71 -47.35 -46.72 -11.38 -44.41 -47.27
183 -26.31 -45.12 -13.63 3.75 -29.42 -38 -40.07 -32.39 -47.64 -46.61 -46.19 -46.97 -46.62 -45.66 -5.63 -43.26 -35.52 -45.39 -10.6 -47.57 -46.83 -13.09 -44.29 -49.05
184 -23.61 -45.02 -13.65 2.91 -31.14 -37.48 -40.32 -34.6 -47.46 -46.51 -46.69 -46.32 -47.08 -46.51 -6.37 -43.81 -34.65 -44.69 -14.92 -47.01 -46.29 -14.93 -46.39 -47.18
185 -17.49 -44.96 -14.23 3.03 -33.03 -40.12 -40.82 -34.92 -46.74 -46.41 -47.13 -47.04 -46.36 -47.85 -4.71 -46.05 -33.58 -39.44 -19.49 -46.49 -46.62 -12.42 -45.49 -46.62
186 -16.61 -44.25 -15.61 2.54 -31.4 -40.5 -38.69 -34.04 -46.65 -45.93 -46.86 -47.18 -47.18 -45.75 -5.6 -46.2 -33.07 -39.5 -21.42 -46.25 -46.82 -12.21 -44.79 -47
187 -16.71 -44.56 -14.84 3.13 -32.17 -39.8 -40.99 -34.4 -46.46 -46.22 -46.91 -46.62 -47.1 -46.94 -6.28 -46.47 -33.81 -45.69 -23.41 -47.13 -47.97 -11.19 -45.84 -47.88
188 -14.47 -42.92 -13.78 3.01 -33.52 -40.76 -42.3 -36.54 -46.27 -46.79 -45.89 -46.76 -46.82 -46.91 -8.73 -45.87 -34.99 -44.98 -15.78 -47.84 -46.59 -12 -46.97 -46.27
189 -13.7 -43.23 -14.26 4.18 -31.81 -41.83 -40.75 -33.66 -48.12 -46.04 -46.05 -46.17 -46.39 -46.83 -10.93 -45.89 -35.34 -44.86 -12.53 -47.48 -46.6 -12.64 -46.58 -46.21
190 -15.92 -45.95 -14.79 4.39 -30.57 -39.32 -40.24 -32.19 -47.67 -45.55 -46.8 -45.66 -46.26 -46.66 -14.88 -45.31 -34.27 -45.1 -13.3 -45.83 -45.85 -13.87 -46.23 -47
191 -15.5 -45.1 -12.74 2.8 -31.95 -37.93 -40.51 -33.81 -46.33 -45.45 -47.87 -45.94 -45.05 -46.62 -12.36 -44.56 -33.33 -46.53 -15.63 -46.96 -45.82 -12.2 -45.58 -47.1
192 -14.1 -45.24 -12.98 3.18 -32.21 -40.8 -41.25 -35.74 -47.73 -45.46 -47.13 -46.49 -46.36 -45.52 -6.51 -44.66 -34.22 -46.2 -14.19 -47.73 -46.64 -11.55 -46.67 -46.48
193 -15.16 -46.2 -14.52 4.55 -29.52 -39.5 -41.75 -33.48 -45.38 -45.97 -46.03 -45.42 -46.31 -46.29 -6.81 -45.87 -34.65 -45.86 -12.72 -47.85 -47.52 -11.84 -45.95 -46.49
194 -18.1 -45.73 -14.72 3.79 -30.05 -39.14 -42.16 -33.21 -45.55 -45.92 -45.69 -44.62 -46.4 -46.76 -9.13 -46.21 -33.12 -44.52 -17.02 -47.48 -45.97 -14.63 -45.45 -46.48
195 -21.11 -45.17 -15.19 3.05 -33.19 -41.57 -45.22 -37.45 -46.69 -45.08 -45.22 -45.17 -47.06 -47.44 -5.94 -44.11 -32.91 -46.62 -17.03 -46.27 -47.29 -16 -45.36 -46.45
196 -20.45 -40.98 -14.18 4.35 -31.69 -41.24 -45.04 -34.38 -46.32 -44.93 -45.63 -47.16 -47.66 -45.94 -6.99 -45.57 -33.26 -46.63 -11.86 -46.85 -47.68 -14.91 -45.25 -46.96
197 -22.92 -42.76 -15.5 3 -30.36 -40.24 -43.43 -34.17 -45.86 -45.6 -45.01 -44.8 -46.09 -45.89 -12.13 -45.19 -31.71 -45.38 -10.29 -47.5 -46.22 -13.93 -45.4 -48.74
198 -26.23 -45.04 -14.7 3.07 -30.6 -41.15 -41.67 -35.19 -47.02 -46.62 -45.59 -44.71 -45.4 -45.56 -13.25 -45.75 -33.04 -41.42 -9.8 -46.55 -45.63 -11.41 -45 -47.8
199 -24.48 -44.54 -14.47 3.71 -32.16 -41.28 -41.69 -36.04 -46.29 -48 -46.5 -46.21 -46.5 -47.28 -10.91 -43.9 -31.75 -42.1 -13.64 -45.89 -42.13 -12.75 -45.97 -46.24
200 -22.6 -44.18 -12.8 2.57 -30.33 -42.23 -43.09 -33.73 -46.58 -47.13 -45.99 -46.39 -46.26 -44.89 -6.17 -44.23 -33.62 -46.03 -14.71 -44.86 -45.65 -16.84 -45.7 -45.72
201 -24.56 -45.9 -13.42 2.97 -29.07 -41.21 -43.98 -35.08 -46.72 -46.63 -45.85 -46.65 -46.59 -45.29 -4.08 -46.46 -33.34 -46.25 -14.37 -46.47 -47.43 -18.15 -45.32 -45.97
202 -25.47 -43.87 -14.48 1.77 -30.61 -40.94 -43.03 -35 -46.77 -46.4 -46.11 -46.83 -46.63 -44.95 -4.58 -45.88 -32.39 -44.62 -11.83 -46.76 -47.22 -19.63 -46.06 -46.88
203 -18.74 -44.35 -14.98 -0.43 -30.98 -39.77 -45.51 -34.26 -45.58 -45.33 -45.83 -45.82 -47.67 -46.06 -5.61 -44.89 -32.03 -43.85 -10.52 -46.97 -45.89 -15.15 -45.61 -46.58
204 -14.21 -41.8 -13.46 -1.39 -29.63 -40.48 -45.04 -33.34 -46.3 -44.54 -46.33 -45.58 -47.45 -46.45 -5.08 -45.19 -30.41 -46.13 -11.57 -46.68 -45.95 -12.45 -45.19 -45.48
205 -15.26 -43.98 -14.32 -2.03 -30.73 -42.36 -41.99 -35.48 -46.05 -46.4 -46.04 -46.32 -47.08 -45.5 -6.86 -45.57 -29.82 -46.69 -13.88 -46.48 -47.91 -14.17 -45.48 -47.3
206 -19.18 -44.28 -13.79 -1.25 -31.48 -44.78 -42.65 -35.39 -45.55 -46.28 -46.99 -46.68 -45.85 -44.25 -11 -45.65 -30.83 -47.52 -16.52 -47.4 -47.56 -14.6 -44.37 -47.32
207 -20.99 -44.38 -13.43 -2.96 -29.31 -42.15 -41.41 -33.11 -45.52 -45.61 -46.04 -47.2 -44.6 -45.84 -12.39 -44.9 -30.24 -45.6 -13.36 -47.86 -46.39 -15.36 -45.42 -46.62
208 -22.06 -44.85 -13.53 -1.33 -29.16 -43.35 -38.2 -33.71 -45.04 -46.4 -46.17 -46.65 -45.76 -45.57 -11.83 -43.63 -30.3 -46.48 -13.05 -46.59 -44.99 -17.49 -45.84 -47.39
209 -24.02 -45.19 -12.4 -0.35 -30.57 -44.01 -37.69 -37.06 -46.22 -44.56 -46.57 -46 -45.82 -44.3 -7.09 -44.83 -31.09 -48.02 -13.85 -47.1 -45.88 -14.83 -44.44 -47.84
210 -22.76 -43.71 -13.19 0.57 -31.54 -43.47 -39.83 -36.01 -46.25 -46.26 -46.35 -45.88 -46.82 -46.25 -3.89 -45.97 -30.97 -46.52 -17.94 -46.92 -47.38 -11.81 -45.79 -47.58
211 -19.28 -44.8 -13.69 -0.93 -30.29 -41.35 -40.8 -35.97 -46.17 -47.32 -46.18 -47.42 -45.4 -44.03 -4.31 -45.87 -31.96 -44.4 -17.95 -45.49 -47.78 -12.19 -46.23 -46.04
212 -16 -45.91 -13.54 -0.73 -29.85 -41.81 -42.72 -37.38 -44.3 -44.97 -47.28 -46.69 -45.62 -44.73 -3.76 -45.55 -33.35 -45.21 -13.99 -46 -47.69 -14.72 -45.41 -45.27
213 -13.28 -46.31 -13.82 -1.29 -30.79 -40.63 -45.01 -37.72 -43.89 -44.34 -47.37 -45.22 -46.67 -45.25 -1.82 -44.78 -33.42 -45.77 -10.53 -47.22 -46.6 -14.54 -45.62 -45.44
214 -13.25 -45.14 -13.38 -2.03 -30.99 -39.81 -46.73 -35.71 -45.57 -44.91 -46.58 -46.84 -47.93 -45.91 -3.44 -45.15 -33.71 -46.89 -11.71 -46.21 -45.33 -16.31 -44.62 -47.03
215 -12.59 -44.77 -16.91 -3.89 -29.75 -41.02 -47.8 -36.08 -46.56 -46.08 -45.87 -47.18 -45.97 -45.74 -4.9 -46.19 -34.88 -46.49 -11.09 -46.35 -45 -13.71 -44.63 -46.23
216 -12.13 -45.18 -13.43 -1.37 -31.83 -41.15 -42.9 -36.7 -46.03 -46.41 -47.41 -46.56 -45.72 -46.3 -7.59 -44.77 -34.73 -45.78 -11.7 -46.05 -46.16 -13.43 -44.82 -45.59
217 -11.44 -44.59 -13.31 -1.65 -31.52 -42.1 -39.21 -33.75 -45.67 -46.27 -45.04 -45.95 -46.11 -45.1 -8.37 -44.31 -34.68 -47.32 -19.18 -46.51 -48.15 -16.96 -46.06 -45.66
218 -13.64 -42.55 -14.54 -1.92 -28.71 -44.31 -38.38 -34.78 -44.88 -46.16 -44.68 -45.61 -46.43 -46.86 -5.2 -44.77 -34.91 -46.53 -22.35 -46.88 -47.42 -17.16 -45.46 -45.68
219 -13.82 -40.02 -14.1 -2.39 -31.29 -45.87 -39 -39.34 -46.56 -47.22 -46 -46.07 -46 -46.99 -1.33 -46.41 -35.25 -45.71 -13.59 -46.81 -45.03 -17.63 -46.96 -46.69
220 -16.21 -42.36 -13.08 -3.87 -32.23 -44.13 -41.13 -36.59 -46.67 -47.52 -46.2 -47 -46.6 -45.74 -0.16 -46.28 -36.22 -44.81 -11.58 -46.49 -45.33 -17.49 -45.93 -46.23
221 -19.47 -44.02 -14.88 -5.93 -30.21 -42.06 -41.54 -32.82 -47.11 -46.95 -46.44 -47.82 -46.88 -45.2 -1.8 -45.95 -37.22 -45.81 -10.8 -45.76 -45.99 -13.54 -46.14 -45.29
222 -23.51 -44.74 -13.86 -9.87 -31.31 -41.34 -43.87 -34.14 -46 -47.13 -46.34 -47.11 -48.79 -44.02 -3.37 -46.88 -36.49 -46.32 -9.92 -44.73 -46.99 -13.61 -45.86 -47.78
223 -25.24 -45.15 -14.39 -8.81 -31.88 -41.5 -45.11 -37.5 -45.89 -46.87 -46.78 -47.91 -48.63 -45.52 -2.63 -46.42 -36.15 -47.83 -8.16 -46.09 -49.03 -15.14 -46.38 -48.04
224 -25.25 -46.69 -13.63 -6.04 -32.19 -41.7 -45.89 -35.59 -46.93 -45.79 -45.97 -49 -47.27 -45.44 -4.15 -46.27 -33.15 -47.49 -10.84 -45.59 -48.4 -15.46 -48 -45.42
225 -23.43 -45.71 -14.85 -4.9 -32.11 -43.34 -42.56 -34.83 -46.72 -46.45 -45.83 -47.22 -46.94 -45.95 -10.04 -46.15 -32.66 -48 -13.68 -46.52 -47.39 -18.3 -47.09 -45.17
226 -20.8 -43.26 -13.84 -5.19 -31.86 -43.1 -41.02 -36.68 -46.23 -47.26 -46.84 -46.7 -47.57 -44.12 -8.26 -46.2 -33.75 -46.49 -12.04 -47.44 -47.16 -16.5 -46.05 -45.91
227 -23 -44.18 -14.41 -5.14 -31.99 -42.03 -42.4 -36.68 -47.09 -47.08 -46.8 -46.22 -47.47 -44.25 -11.01 -46.8 -34.25 -47.34 -12.98 -46.45 -46.1 -13.79 -45.6 -45.93
228 -19.99 -38.37 -14.46 -5.3 -31.8 -42.77 -42.08 -33.39 -45.44 -47.26 -47.57 -47.04 -46.88 -45.32 -7.58 -46.61 -32.11 -47.65 -16.5 -47.11 -46.95 -15.91 -44.7 -44.92
229 -20.31 -40.73 -14.81 -6.2 -31.47 -40.51 -42.47 -35.11 -45.29 -48.26 -46.16 -46.22 -45.95 -44.67 -2.33 -45.37 -32.77 -45.39 -16.85 -46.97 -46.22 -17.49 -46.55 -46.31
230 -22.49 -46.99 -13.04 -9.23 -33.33 -40.35 -43.13 -37.58 -45.75 -45.93 -45.62 -46.77 -47.3 -43.79 -1.67 -44.83 -32.5 -47.34 -17.81 -46.03 -47.26 -17.55 -46.41 -46.95
231 -25.16 -45.41 -12.72 -8.64 -32.89 -41.59 -43.59 -36.9 -48.24 -45.97 -45.38 -46.39 -46.52 -44.87 -2.73 -44.32 -29.99 -47.77 -14.4 -45.76 -46.96 -21.16 -46.65 -49.23
232 -21.27 -44.58 -13.08 -7.74 -32.25 -42.64 -45.32 -36.37 -48.32 -47.33 -46.75 -46.62 -46.87 -46.32 -0.88 -44.54 -28.33 -46.84 -12.32 -46.99 -47.5 -17.08 -47.14 -46.85
233 -18.35 -45.78 -13.11 -4.84 -32.51 -40.69 -44.46 -37.44 -47.18 -46.09 -47.85 -47.83 -46.35 -45.53 -2.48 -44.81 -26.22 -48.24 -10.87 -46.87 -48.67 -14.56 -47.1 -46.41
234 -16.29 -47.12 -13.15 -4.48 -33.43 -40 -42.38 -38.03 -46.69 -46.49 -48.45 -46.98 -45.97 -45.7 -6.64 -43.23 -25.32 -47.43 -10.2 -45.87 -47.57 -18.21 -47.89 -47.02
235 -18.64 -45.87 -12.45 -5.18 -31.91 -39.47 -44.19 -36.48 -46.2 -47.61 -48.73 -46.27 -46.78 -47.76 -11.57 -43.16 -25.81 -46.53 -9.34 -46.58 -46.88 -20.46 -47.27 -48.49
236 -21.34 -47.07 -11.61 -3.16 -33.12 -40.96 -45.02 -38.05 -49.36 -47.52 -46.57 -47.37 -46.65 -46.4 -10.72 -43.51 -25.07 -47.04 -13.18 -46.85 -47.06 -21.5 -47.6 -48.38
237 -26.39 -45.3 -11.61 -3.74 -34.29 -45.38 -42.32 -40.64 -47.41 -47.1 -46.82 -48.04 -47.99 -45.27 -11.53 -45.61 -26.14 -45.77 -17.97 -47.88 -46.84 -17.6 -47.06 -46.87
238 -30.99 -46.21 -12.01 -3.92 -33.85 -42.72 -41.82 -37.18 -46.18 -48.1 -47.26 -49.42 -47 -45.92 -5.8 -46.51 -27.21 -46.25 -16.25 -48.36 -46.93 -14.72 -45.91 -47.57
239 -31.31 -47.19 -10.55 -3.58 -34.11 -41.1 -44.53 -37.36 -46.78 -47.77 -47.8 -49 -46.94 -47.31 -3.54 -43.04 -26.82 -47.83 -13.34 -49.45 -47.39 -14.6 -46.78 -49.04
240 -31.35 -47.21 -10.45 -4.6 -37.52 -38.99 -42.82 -40.22 -46.91 -46.35 -47.81 -47.26 -46.16 -46.99 -5.27 -42.78 -23.96 -48.58 -11.87 -48.46 -47.8 -17.01 -46.86 -50.02
241 -28.84 -46.92 -10.93 -5.32 -34.85 -39.69 -41.7 -39.52 -48.04 -47.36 -48.87 -46.55 -46.41 -47.95 -8.36 -43.92 -23.68 -47.56 -10.89 -47.68 -49.11 -19.79 -47.85 -48.04
242 -24.94 -46.69 -11.25 -3.48 -34.27 -40.86 -45.01 -38.09 -47.8 -47.24 -48.11 -46.95 -47.44 -46.86 -5.82 -46.37 -21.42 -47.98 -12.35 -47.87 -46.32 -19.3 -48.43 -48.35
243 -23.71 -47.44 -10.19 -4.08 -35.45 -40.93 -43.62 -39.3 -47.04 -46.69 -47.35 -49.29 -47.98 -45.99 -6.45 -45.35 -21.05 -48.6 -14.58 -47.36 -46.9 -18.83 -47.98 -47.49
244 -23 -47.78 -11.45 -3.72 -38.16 -43.97 -40.43 -43.03 -46.98 -47.19 -47.7 -49.39 -47.81 -46.54 -12.11 -45.48 -20.18 -47.64 -15.67 -47.14 -46.03 -16.68 -49.25 -48.41
245 -21.28 -48.03 -13.42 -4.04 -36.5 -45.6 -41.68 -39.9 -48.5 -47.04 -47.74 -48.73 -48.73 -47.48 -20.46 -45.47 -16.62 -47.39 -13.54 -47.76 -47.47 -16.3 -48.26 -47.82
246 -19.65 -48.04 -12.95 -3.53 -35.27 -43.38 -43.98 -38.22 -47.38 -48.43 -47.23 -48.08 -47.66 -48.03 -21.15 -45.03 -16.67 -47.11 -14.65 -47.18 -48.15 -18.99 -49.88 -47.11
247 -17.84 -47.55 -14.6 -5.3 -35.76 -44.85 -39.27 -41.28 -47.76 -47.84 -47.38 -47.3 -47.29 -48.36 -14.12 -43.95 -14.8 -46.99 -18.59 -47.27 -47.87 -20.25 -50.17 -48.33
248 -21.17 -46.91 -12.75 -6.41 -36.16 -44.95 -37.04 -41.66 -47.96 -48.3 -46.77 -47.03 -47 -48.81 -9.54 -43.43 -11.12 -47.91 -20.89 -49.3 -47.88 -19.88 -49.51 -49.84
249 -23.73 -48.1 -12.64 -5.35 -36.07 -43.79 -39.35 -40.67 -48.73 -48.58 -47.79 -48.84 -47.67 -48.32 -8.76 -42.12 -11.69 -47.54 -20.43 -49.97 -48.13 -18.22 -47.58 -48.4
250 -22.75 -47.98 -13 -5.16 -36.34 -43.7 -40 -40.88 -49.68 -48.7 -48.17 -48.77 -47.65 -48.35 -10.28 -41.37 -11.01 -45.9 -21.61 -46.95 -46.42 -17.03 -48.04 -48.55
251 -23.89 -49.61 -11.79 -4.09 -38.99 -44.21 -37.29 -41.7 -49.12 -48.5 -47.85 -47.64 -47.8 -48.28 -9.65 -40.1 -10.1 -46.18 -21.13 -48.02 -46.55 -17.81 -48.69 -50.44
252 -26.42 -48.13 -13.09 -4.41 -37.92 -45.33 -40 -41 -48.48 -49.21 -48.47 -48.22 -49.03 -49.54 -8.1 -39.84 -11.35 -46.49 -18.93 -48.5 -47.14 -20.71 -49.69 -49.33
253 -31.19 -48.01 -12.43 -6.98 -38.17 -46.79 -41.15 -42.64 -49.23 -48.47 -47.56 -48.31 -48.42 -49.69 -8.66 -41.93 -7.56 -46.57 -19.19 -49.06 -47.26 -21.11 -49 -47.98
254 -33.29 -48.91 -13.06 -6.22 -39.92 -47.81 -35.71 -43.6 -49.17 -46.7 -47.37 -47.97 -48.1 -49.28 -12.63 -45.34 -7.93 -46.08 -16.9 -48.13 -47.18 -20.21 -47.3 -47.88
255 -33.29 -48.91 -13.06 -6.22 -39.92 -47.81 -35.71 -43.6 -49.17 -46.7 -47.37 -47.97 -48.1 -49.28 -12.63 -45.34 -7.93 -46.08 -16.9 -48.13 -47.18 -20.21 -47.3 -47.88
